1 19 7,5 19 7 19 8 0 0 0 0 0 0 0 0
2 18 7,5 18 7 18 8 0 0 0 0 0 0 0 0
3 17 7,5 17 7 17 8 0 0 0 0 0 0 0 0
4 16 7,5 16 7 16 8 0 0 0 0 0 0 0 0
5 15 7,5 15 7 15 8 0 0 0 0 0 0 0 0
6 14 7,5 14 7 14 8 0 0 0 0 0 0 0 0
7 13 7,5 13 7 13 8 0 0 0 0 0 0 0 0
8 12 7,7 12 7,7 12 8 0 0 0 0 0 0 0 0
9 11,3 7 11 7 11,3 7 0 0 0 0 0 0 0 0
10 11,5 6 11 6 12 6 0 0 0 0 0 0 0 0
11 11,5 5 11 5 12 5 0 0 0 0 0 0 0 0
12 11,5 4 11 4 12 4 0 0 0 0 0 0 0 0
13 11,5 3 11 3 12 3 0 0 0 0 0 0 0 0
14 11,5 2 11 2 12 2 0 0 0 0 0 0 0 0
15 11,5 1 11 1 12 1 0 0 0 0 0 0 0 0
16 11,5 0 11 0 12 0 0 0 0 0 0 0 0 0
17 9,5 0 9 0 10 0 0 0 0 0 0 0 0 0
18 7,5 0 7 0 8 0 0 0 0 0 0 0 0 0
19 7,5 1 7 1 8 1 0 0 0 0 0 0 0 0
20 7,5 2 7 2 8 2 0 0 0 0 0 0 0 0
21 7,5 3 7 3 8 3 0 0 0 0 0 0 0 0
22 7,5 4 7 4 8 4 0 0 0 0 0 0 0 0
23 7,5 5 7 5 8 5 0 0 0 0 0 0 0 0
24 7,5 6 7 6 8 6 0 0 0 0 0 0 0 0
25 7,7 7 7,7 7 8 7 0 0 0 0 0 0 0 0
26 7 7,7 7 7,7 7 8 0 0 0 0 0 0 0 0
27 6 7,5 6 7 6 8 0 0 0 0 0 0 0 0
28 5 7,5 5 7 5 8 0 0 0 0 0 0 0 0
29 4 7,5 4 7 4 8 0 0 0 0 0 0 0 0
30 3 7,5 3 7 3 8 0 0 0 0 0 0 0 0
31 2 7,5 2 7 2 8 0 0 0 0 0 0 0 0
32 1 7,5 1 7 1 8 0 0 0 0 0 0 0 0
33 0 7,5 0 7 0 8 0 0 0 0 0 0 0 0
34 0 9,5 0 9 0 10 0 0 0 0 0 0 0 0
35 0 11,5 0 11 0 12 0 0 0 0 0 0 0 0
36 1 11,5 1 11 1 12 0 0 0 0 0 0 0 0
37 2 11,5 2 11 2 12 0 0 0 0 0 0 0 0
38 3 11,5 3 11 3 12 0 0 0 0 0 0 0 0
39 4 11,5 4 11 4 12 0 0 0 0 0 0 0 0
40 5 11,5 5 11 5 12 0 0 0 0 0 0 0 0
41 6 11,5 6 11 6 12 0 0 0 0 0 0 0 0
42 7 11,3 7 11 7 11,3 0 0 0 0 0 0 0 0
43 7,7 12 7,7 12 8 12 0 0 0 0 0 0 0 0
44 7,5 13 7 13 8 13 0 0 0 0 0 0 0 0
45 7,5 14 7 14 8 14 0 0 0 0 0 0 0 0
46 7,5 15 7 15 8 15 0 0 0 0 0 0 0 0
47 7,5 16 7 16 8 16 0 0 0 0 0 0 0 0
48 7,5 17 7 17 8 17 0 0 0 0 0 0 0 0
49 7,5 18 7 18 8 18 0 0 0 0 0 0 0 0
50 7,5 19 7 19 8 19 0 0 0 0 0 0 0 0
51 9,5 19 9 19 10 19 0 0 0 0 0 0 0 0
52 11,5 19 11 19 12 19 0 0 0 0 0 0 0 0
53 11,5 18 11 18 12 18 0 0 0 0 0 0 0 0
54 11,5 17 11 17 12 17 0 0 0 0 0 0 0 0
55 11,5 16 11 16 12 16 0 0 0 0 0 0 0 0
56 11,5 15 11 15 12 15 0 0 0 0 0 0 0 0
57 11,5 14 11 14 12 14 0 0 0 0 0 0 0 0
58 11,5 13 11 13 12 13 0 0 0 0 0 0 0 0
59 11,3 12 11 12 11,3 12 0 0 0 0 0 0 0 0
60 12 11,3 12 11 12 11,3 0 0 0 0 0 0 0 0
61 13 11,5 13 11 13 12 0 0 0 0 0 0 0 0
62 14 11,5 14 11 14 12 0 0 0 0 0 0 0 0
63 15 11,5 15 11 15 12 0 0 0 0 0 0 0 0
64 16 11,5 16 11 16 12 0 0 0 0 0 0 0 0
65 17 11,5 17 11 17 12 0 0 0 0 0 0 0 0
66 18 11,5 18 11 18 12 0 0 0 0 0 0 0 0
67 19 11,5 19 11 19 12 0 0 0 0 0 0 0 0
68 19 9,5 19 9 19 10 0 0 0 0 0 0 0 0
100 0 0 0 0 0 0 16 1,5 16 2,5 16 3,5 16 4,5
101 18 9,5 18 9 18 10 0 0 0 0 0 0 0 0
102 17 9,5 17 9 17 10 0 0 0 0 0 0 0 0
103 16 9,5 16 9 16 10 0 0 0 0 0 0 0 0
104 15 9,5 15 9 15 10 0 0 0 0 0 0 0 0
105 14 9,5 14 9 14 10 0 0 0 0 0 0 0 0
106 13 9,5 13 9 13 10 0 0 0 0 0 0 0 0
107 12 9,5 12 9 12 10 0 0 0 0 0 0 0 0
108 0 0 0 0 0 0 10,3 9,5 11 8,5 11 9,5 11 10,5
200 0 0 0 0 0 0 1,5 3 2,5 3 3,5 3 4,5 3
201 9,5 1 9 1 10 1 0 0 0 0 0 0 0 0
202 9,5 2 9 2 10 2 0 0 0 0 0 0 0 0
203 9,5 3 9 3 10 3 0 0 0 0 0 0 0 0
204 9,5 4 9 4 10 4 0 0 0 0 0 0 0 0
205 9,5 5 9 5 10 5 0 0 0 0 0 0 0 0
206 9,5 6 9 6 10 6 0 0 0 0 0 0 0 0
207 9,5 7 9 7 10 7 0 0 0 0 0 0 0 0
208 0 0 0 0 0 0 9,5 8,7 8,5 8 9,5 8 10,5 8
300 0 0 0 0 0 0 3 14,5 3 15,5 3 16,5 3 17,5
301 1 9,5 1 9 1 10 0 0 0 0 0 0 0 0
302 2 9,5 2 9 2 10 0 0 0 0 0 0 0 0
303 3 9,5 3 9 3 10 0 0 0 0 0 0 0 0
304 4 9,5 4 9 4 10 0 0 0 0 0 0 0 0
305 5 9,5 5 9 5 10 0 0 0 0 0 0 0 0
306 6 9,5 6 9 6 10 0 0 0 0 0 0 0 0
307 7 9,5 7 9 7 10 0 0 0 0 0 0 0 0
308 0 0 0 0 0 0 8,7 9,5 8 8,5 8 9,5 8 10,5
400 0 0 0 0 0 0 14,5 16 15,5 16 16,5 16 17,5 16
401 9,5 18 9 18 10 18 0 0 0 0 0 0 0 0
402 9,5 17 9 17 10 17 0 0 0 0 0 0 0 0
403 9,5 16 9 16 10 16 0 0 0 0 0 0 0 0
404 9,5 15 9 15 10 15 0 0 0 0 0 0 0 0
405 9,5 14 9 14 10 14 0 0 0 0 0 0 0 0
406 9,5 13 9 13 10 13 0 0 0 0 0 0 0 0
407 9,5 12 9 12 10 12 0 0 0 0 0 0 0 0
408 0 0 0 0 0 0 9,5 10,3 8,5 11 9,5 11 10,5 11