1 190 75 190 70 190 80 0 0 0 0 0 0 0 0
2 180 75 180 70 180 80 0 0 0 0 0 0 0 0
3 170 75 170 70 170 80 0 0 0 0 0 0 0 0
4 160 75 160 70 160 80 0 0 0 0 0 0 0 0
5 150 75 150 70 150 80 0 0 0 0 0 0 0 0
6 140 75 140 70 140 80 0 0 0 0 0 0 0 0
7 130 75 130 70 130 80 0 0 0 0 0 0 0 0
8 120 77 120 77 120 80 0 0 0 0 0 0 0 0
9 113 70 110 70 113 70 0 0 0 0 0 0 0 0
10 115 60 110 60 120 60 0 0 0 0 0 0 0 0
11 115 50 110 50 120 50 0 0 0 0 0 0 0 0
12 115 40 110 40 120 40 0 0 0 0 0 0 0 0
13 115 30 110 30 120 30 0 0 0 0 0 0 0 0
14 115 20 110 20 120 20 0 0 0 0 0 0 0 0
15 115 10 110 10 120 10 0 0 0 0 0 0 0 0
16 115 0 110 0 120 0 0 0 0 0 0 0 0 0
17 95 0 90 0 100 0 0 0 0 0 0 0 0 0
18 75 0 70 0 80 0 0 0 0 0 0 0 0 0
19 75 10 70 10 80 10 0 0 0 0 0 0 0 0
20 75 20 70 20 80 20 0 0 0 0 0 0 0 0
21 75 30 70 30 80 30 0 0 0 0 0 0 0 0
22 75 40 70 40 80 40 0 0 0 0 0 0 0 0
23 75 50 70 50 80 50 0 0 0 0 0 0 0 0
24 75 60 70 60 80 60 0 0 0 0 0 0 0 0
25 77 70 77 70 80 70 0 0 0 0 0 0 0 0
26 70 77 70 77 70 80 0 0 0 0 0 0 0 0
27 60 75 60 70 60 80 0 0 0 0 0 0 0 0
28 50 75 50 70 50 80 0 0 0 0 0 0 0 0
29 40 75 40 70 40 80 0 0 0 0 0 0 0 0
30 30 75 30 70 30 80 0 0 0 0 0 0 0 0
31 20 75 20 70 20 80 0 0 0 0 0 0 0 0
32 10 75 10 70 10 80 0 0 0 0 0 0 0 0
33 0 75 0 70 0 80 0 0 0 0 0 0 0 0
34 0 95 0 90 0 100 0 0 0 0 0 0 0 0
35 0 115 0 110 0 120 0 0 0 0 0 0 0 0
36 10 115 10 110 10 120 0 0 0 0 0 0 0 0
37 20 115 20 110 20 120 0 0 0 0 0 0 0 0
38 30 115 30 110 30 120 0 0 0 0 0 0 0 0
39 40 115 40 110 40 120 0 0 0 0 0 0 0 0
40 50 115 50 110 50 120 0 0 0 0 0 0 0 0
41 60 115 60 110 60 120 0 0 0 0 0 0 0 0
42 70 113 70 110 70 113 0 0 0 0 0 0 0 0
43 77 120 77 120 80 120 0 0 0 0 0 0 0 0
44 75 130 70 130 80 130 0 0 0 0 0 0 0 0
45 75 140 70 140 80 140 0 0 0 0 0 0 0 0
46 75 150 70 150 80 150 0 0 0 0 0 0 0 0
47 75 160 70 160 80 160 0 0 0 0 0 0 0 0
48 75 170 70 170 80 170 0 0 0 0 0 0 0 0
49 75 180 70 180 80 180 0 0 0 0 0 0 0 0
50 75 190 70 190 80 190 0 0 0 0 0 0 0 0
51 95 190 90 190 100 190 0 0 0 0 0 0 0 0
52 115 190 110 190 120 190 0 0 0 0 0 0 0 0
53 115 180 110 180 120 180 0 0 0 0 0 0 0 0
54 115 170 110 170 120 170 0 0 0 0 0 0 0 0
55 115 160 110 160 120 160 0 0 0 0 0 0 0 0
56 115 150 110 150 120 150 0 0 0 0 0 0 0 0
57 115 140 110 140 120 140 0 0 0 0 0 0 0 0
58 115 130 110 130 120 130 0 0 0 0 0 0 0 0
59 113 120 110 120 113 120 0 0 0 0 0 0 0 0
60 120 113 120 110 120 113 0 0 0 0 0 0 0 0
61 130 115 130 110 130 120 0 0 0 0 0 0 0 0
62 140 115 140 110 140 120 0 0 0 0 0 0 0 0
63 150 115 150 110 150 120 0 0 0 0 0 0 0 0
64 160 115 160 110 160 120 0 0 0 0 0 0 0 0
65 170 115 170 110 170 120 0 0 0 0 0 0 0 0
66 180 115 180 110 180 120 0 0 0 0 0 0 0 0
67 190 115 190 110 190 120 0 0 0 0 0 0 0 0
68 190 95 190 90 190 100 0 0 0 0 0 0 0 0
100 0 0 0 0 0 0 160 15 160 25 160 35 160 45
101 180 95 180 90 180 100 0 0 0 0 0 0 0 0
102 170 95 170 90 170 100 0 0 0 0 0 0 0 0
103 160 95 160 90 160 100 0 0 0 0 0 0 0 0
104 150 95 150 90 150 100 0 0 0 0 0 0 0 0
105 140 95 140 90 140 100 0 0 0 0 0 0 0 0
106 130 95 130 90 130 100 0 0 0 0 0 0 0 0
107 120 95 120 90 120 100 0 0 0 0 0 0 0 0
108 0 0 0 0 0 0 103 95 110 85 110 95 110 105
200 0 0 0 0 0 0 15 30 25 30 35 30 45 30
201 95 10 90 10 100 10 0 0 0 0 0 0 0 0
202 95 20 90 20 100 20 0 0 0 0 0 0 0 0
203 95 30 90 30 100 30 0 0 0 0 0 0 0 0
204 95 40 90 40 100 40 0 0 0 0 0 0 0 0
205 95 50 90 50 100 50 0 0 0 0 0 0 0 0
206 95 60 90 60 100 60 0 0 0 0 0 0 0 0
207 95 70 90 70 100 70 0 0 0 0 0 0 0 0
208 0 0 0 0 0 0 95 87 85 80 95 80 105 80
300 0 0 0 0 0 0 30 145 30 155 30 165 30 175
301 10 95 10 90 10 100 0 0 0 0 0 0 0 0
302 20 95 20 90 20 100 0 0 0 0 0 0 0 0
303 30 95 30 90 30 100 0 0 0 0 0 0 0 0
304 40 95 40 90 40 100 0 0 0 0 0 0 0 0
305 50 95 50 90 50 100 0 0 0 0 0 0 0 0
306 60 95 60 90 60 100 0 0 0 0 0 0 0 0
307 70 95 70 90 70 100 0 0 0 0 0 0 0 0
308 0 0 0 0 0 0 87 95 80 85 80 95 80 105
400 0 0 0 0 0 0 145 160 155 160 165 160 175 160
401 95 180 90 180 100 180 0 0 0 0 0 0 0 0
402 95 170 90 170 100 170 0 0 0 0 0 0 0 0
403 95 160 90 160 100 160 0 0 0 0 0 0 0 0
404 95 150 90 150 100 150 0 0 0 0 0 0 0 0
405 95 140 90 140 100 140 0 0 0 0 0 0 0 0
406 95 130 90 130 100 130 0 0 0 0 0 0 0 0
407 95 120 90 120 100 120 0 0 0 0 0 0 0 0
408 0 0 0 0 0 0 95 103 85 110 95 110 105 110